siteno
enyokusenne
140 30 3.5
0 2
3 6
1 10
2 14
3 24
0 30
1 40
2 48
3 54
0 60
0 64
2 64
3 66
0 68
2 68
1 70
0 72
1 72
1 74
3 76
1 78
3 78
0 80
2 80
1 84
2 88
0 100
1 104
2 108
3 112
0 120
1 124
2 126
0 130
3 134
0 136
1 138
1 140
3 148
0 152
1 152
0 154
2 156
3 160
2 160
0 164
1 166
2 166
0 170
3 170
1 174
2 180
0 184
2 184
3 186
1 188
2 192
3 196
2 200
1 200
1 204
2 208
0 212
1 216
2 220
1 220
3 224
1 228
0 230
1 232
3 240
0 244
1 246
2 248
3 248
0 250
1 254
1 258
2 264
0 268
3 270
0 272
1 274
1 276
2 280
3 284
2 290
0 292
1 296
0 300
1 304
0 308
3 312
0 316
1 320
3 320
1 324
2 336
0 340
1 342
3 346
2 340
2 342
3 344
0 344
1 346
0 350
1 350
2 352
2 356
0 360
1 360
0 364
3 364
0 366
1 368
0 370
1 372
3 376
0 380
2 384
1 388
3 390
1 392
2 394
2 398
3 400
1 404
0 406
3 410
1 412
0 412
3 414
0 418
2 420
0 420
1 422
2 424
0 424
3 428
0 432
1 432
0 434
3 434
2 436
1 438
0 440
3 444
0 446
2 448
3 450
2 452
0 454
3 456
1 456
3 460
0 462
1 464
1 466
0 468
2 470
2 472
0 474
3 476
1 478
1 480
0 482
3 482
0 486
1 486
2 490
0 492
1 494
2 496
0 498
3 500
0 502
1 504
3 506
2 506
0 508
1 508
3 510
0 510
2 512
3 514
0 516
3 520
2 522
1 522
0 524
3 526
0 530
2 532
1 534
0 538
3 540
0 542
2 544
1 546
3 550
0 554
0 554
2 556
1 558
3 560
1 562
0 564
3 564
1 566
0 568
3 570
2 572
0 574
3 578
0 580
1 580
0 582
3 584
1 586
0 588
1 590
3 592
1 596
2 598
0 600
3 602
1 602
3 604
2 606
1 608
0 610
1 612
3 616
1 620
0 622
1 624
0 628
3 630
0 630
1 632
2 634
0 636
3 638
1 640
0 642
1 642
2 644
3 646
0 646
2 648
1 650
3 652
1 654
3 656
3 660
0 662
1 664
0 666
2 668
1 670
2 672
0 674
3 676
0 678
0 680
2 682
3 684
3 686
0 688
1 690
1 692
2 692
3 694
1 696
1 700
2 700
3 702
1 704
0 706
2 708
2 710
0 712
2 714
0 716
2 720
3 724
1 726
0 730
1 734
2 736
3 736
0 738
1 740
0 742
2 744
3 746
1 750
1 752
2 754
0 756
3 758
0 760
1 762
2 764
2 764
0 766
3 766
0 768
3 770
3 774
1 776
2 780
0 820
1 822
3 824
0 826
1 830
2 832
1 834
0 836
1 836
0 838
3 840
3 842
1 846
2 848
1 850
0 852
2 854
3 856
0 858
1 860
2 862
3 864
0 864
2 866
3 868
0 870
1 872
3 874
2 876
3 878
0 880
1 882
3 882
0 884
1 884
0 886
3 886
2 888
0 890
0 892
0 894
1 896
3 898
0 900
2 902
3 904
1 906
2 908
3 910
0 912
2 914
0 916
3 920
2 922
3 924
0 926
1 928
3 930
1 932
2 932
0 936
3 938
0 940
3 942
2 944
0 946
2 948
3 950
2 952
0 954
2 956
3 958
1 960
2 962
3 964
0 966
1 968
2 970
0 972
3 974
2 976
0 978
2 980
2 982
3 984
0 986
2 988
0 990
3 992
0 994
2 996
3 998
0 1000
2 1002
3 1004
0 1004
2 1006
2 1010